2.889526146159854036e+00 -3.284915453672006547e-01 1.906104501531256545e+01 2.197785017654476292e+02 -3.968529116975920423e-03 3.756201350507414136e-03 1.233740374638803497e-02 1.196202170206569354e-02 -9.405650318260972906e-03 -5.874385402029662362e-03 7.261914078544412683e-03 -3.439538255749715057e-01 9.923518040593291845e-02 5.718022149342459670e+00 -3.322261569897315067e-03 -2.272867254098361739e-03 3.757778569687125628e-04 1.435403828048999837e-03 -5.096035521527655758e-03 -1.272589688080224928e-03 3.168555932684800958e+00 -5.884862958626067009e-01 2.133603887107428676e+01 2.634451440851499342e+02 -1.033872400948778088e-02 2.215798900828679432e-02 4.499668946237914829e-02 3.040270125671049734e-02 -9.435351900558457475e-03 -7.927284404311537094e-03
-3.284915453672006547e-01 1.827599969975380390e+01 -2.133145631417761479e+00 -2.460248081426770739e+01 -9.240168774394999507e-03 -4.373569017594426678e-03 -5.016033792109550514e-04 -7.762782045877622203e-03 -1.328941692187591032e-03 -1.790211292259652779e-03 8.094801846514138033e-02 1.143715532096318377e+00 5.736997144958863037e-01 5.147329190235992336e+00 -3.491439830661129714e-05 1.915835344982886723e-03 1.252516815648830988e-03 -1.299121651954601286e-03 2.002625031525851872e-03 2.065625340178944987e-04 -1.619141809283611844e-01 2.286682211013030397e+01 -1.017216021137331117e+00 -1.539514297724133662e+01 -1.124914293520686004e-02 -5.934280958385881183e-03 -4.032347175583999091e-03 -1.742247862367140784e-02 -5.304231940190965409e-03 -2.701850975800154653e-03
1.906104501531256545e+01 -2.133145631417761479e+00 1.266733319041614010e+02 1.448167628265178109e+03 -2.081414169519007346e-02 5.474285807962529782e-02 1.128497545587281298e-01 8.932425208070615685e-02 -5.793673464240677723e-02 -3.476727187894073506e-02 6.682255962889566137e-02 -2.225548260133310308e+00 9.658150735903436868e-01 3.885709373536296596e+01 -2.122284076562780744e-02 -2.957726906863627093e-03 1.972706285813366489e-02 1.286300504143397631e-02 -3.259324802738244875e-02 -6.853655747432898723e-03 2.092037125833184774e+01 -4.026049504593764539e+00 1.425679162943613960e+02 1.736358790758420810e+03 -6.177733738065214336e-02 2.210312073950637946e-01 3.902232981877140072e-01 2.228611221941992071e-01 -5.865631345703475191e-02 -4.309232879661321902e-02
2.197785017654476292e+02 -2.460248081426770739e+01 1.448167628265178109e+03 1.693097200864710248e+04 -3.368881656458295737e-01 2.126907579715366370e-01 9.173834356656455080e-01 8.815143408304807471e-01 -7.198526346604214865e-01 -4.496861912268059203e-01 8.582985975499903830e-01 -2.515519514051521810e+01 9.283104783822739847e+00 4.620775391010626549e+02 -2.462579399207352748e-01 -1.748681510718789189e-01 2.126657275806152422e-02 9.940296893352554286e-02 -3.763820214375787621e-01 -9.442812822374350989e-02 2.411082521887948360e+02 -4.593296162853535236e+01 1.621175420014412794e+03 2.030938174833362791e+04 -8.303375366600613816e-01 1.468027738515582437e+00 3.239595719690144371e+00 2.213019519041612870e+00 -7.974829400108081057e-01 -6.106181972617545917e-01
-3.968529116975920423e-03 -9.240168774394999507e-03 -2.081414169519007346e-02 -3.368881656458295737e-01 1.561407019876298423e-04 2.396309162913589849e-04 9.830272271815885968e-05 9.152094601303065223e-05 9.767783159190527502e-05 4.510072054885004968e-05 2.476638268780400687e-04 9.339350520927154446e-04 1.703634291328889492e-03 7.215468775896231868e-03 1.852420627004145348e-05 3.885080263826336413e-05 2.485145250768629635e-05 2.192083586921274316e-05 1.750213738065212830e-05 7.274139561040055541e-06 -3.905891282351530054e-03 -1.172604945355192399e-02 -2.217550797754159683e-02 -3.780786138833843180e-01 2.015492757010748758e-04 3.543189328589440136e-04 1.845057547772173260e-04 1.563162591695188661e-04 9.230312727436491642e-05 6.595873280189758041e-05
3.756201350507414136e-03 -4.373569017594426678e-03 5.474285807962529782e-02 2.126907579715366370e-01 2.396309162913589849e-04 1.100483074172821721e-03 1.027802880263195854e-03 4.017623372119135641e-04 1.665695549750796287e-04 1.462843989131087604e-04 7.409037536479911321e-04 1.242594886717108020e-03 9.734274112982636493e-03 4.954939211943795024e-02 2.820389119257793957e-05 3.889648644325343404e-04 5.344469111209994468e-04 1.164455345388218301e-04 2.544117601333092027e-05 5.146666538359456126e-05 5.358313504173420859e-03 -1.029497411577493665e-02 8.383499306731521938e-02 3.017170194259295446e-01 3.045683618026782187e-04 2.635367553260673824e-03 3.056097344620489070e-03 8.407119035326969655e-04 1.563657072599531836e-04 3.295148664895214538e-04
1.233740374638803497e-02 -5.016033792109550514e-04 1.128497545587281298e-01 9.173834356656455080e-01 9.830272271815885968e-05 1.027802880263195854e-03 1.449505851549023807e-03 4.453974458904522106e-04 7.702635923617364929e-05 1.110658300241397869e-04 6.770529670852099089e-04 1.658863328839848585e-03 1.102955561363358483e-02 6.564729927985044067e-02 1.196351629982886053e-05 4.688465334104938110e-04 7.938506467221097002e-04 1.440426301318231185e-04 8.756131314267704544e-06 5.840893338097009614e-05 1.376077311866330533e-02 -1.781924824355973725e-03 1.473624747026661963e-01 1.060654386188975229e+00 1.155259163222842474e-04 2.829508313993515760e-03 4.432342477791026934e-03 9.704592746606106749e-04 6.737790438659826316e-06 3.128913053417403190e-04
1.196202170206569354e-02 -7.762782045877622203e-03 8.932425208070615685e-02 8.815143408304807471e-01 9.152094601303065223e-05 4.017623372119135641e-04 4.453974458904522106e-04 2.444608544116975350e-04 3.342999106767549183e-05 2.882307851498226091e-05 3.736193281841110195e-04 -5.580993620759019730e-04 4.106189344256288079e-03 4.506256006611422671e-02 1.293214977301389542e-06 1.162837709582957910e-04 1.826083973917431936e-04 5.907277991479013206e-05 -1.149296654836965884e-05 1.210136394490782911e-05 1.345629844247282769e-02 -1.082536324926439662e-02 1.044984195066954308e-01 1.058596753203626228e+00 1.000172916153245544e-04 9.135183880264820299e-04 1.205557253124362295e-03 4.961336595117094060e-04 -2.355930165735883395e-06 7.394603810364495423e-05
-9.405650318260972906e-03 -1.328941692187591032e-03 -5.793673464240677723e-02 -7.198526346604214865e-01 9.767783159190527502e-05 1.665695549750796287e-04 7.702635923617364929e-05 3.342999106767549183e-05 4.608231315678855628e-04 4.453795592385755795e-05 2.421555404431635031e-04 2.383508770191557560e-03 2.015058980063651889e-03 -4.104649216357406094e-03 1.982020181048459685e-05 3.566883039992795637e-05 2.442656769110668449e-05 1.013224637002341921e-05 5.333085525130608806e-05 1.035105143877979982e-05 -1.023208833843751962e-02 -2.660594007085805533e-03 -6.045989221161353344e-02 -8.905068975559956579e-01 1.401466237314598557e-04 3.083461651954604249e-04 2.302044955533536082e-04 5.402056906863632416e-05 5.447939164114573660e-04 7.376613180808266217e-05
-5.874385402029662362e-03 -1.790211292259652779e-03 -3.476727187894073506e-02 -4.496861912268059203e-01 4.510072054885004968e-05 1.462843989131087604e-04 1.110658300241397869e-04 2.882307851498226091e-05 4.453795592385755795e-05 4.144885379811445703e-05 8.771341397946315539e-05 9.309747003843153170e-04 1.032203251366119959e-03 -6.032088972257248355e-03 1.306214665825976839e-05 6.030772908304811572e-05 7.096673082369540887e-05 1.254957272383356293e-05 1.757418221041253794e-05 1.230644427331411667e-05 -6.434546159550836274e-03 -2.941195844592567506e-03 -3.777687611541465096e-02 -5.467701161652552821e-01 6.940595278928722274e-05 3.013466193748872866e-04 2.850638147598029241e-04 4.023710823185009880e-05 4.075525887227527213e-05 7.728054393202425090e-05
7.261914078544412683e-03 8.094801846514138033e-02 6.682255962889566137e-02 8.582985975499903830e-01 2.476638268780400687e-04 7.409037536479911321e-04 6.770529670852099089e-04 3.736193281841110195e-04 2.421555404431635031e-04 8.771341397946315539e-05 1.055468950999820243e-02 2.619081623761486052e-02 7.134630247883265441e-02 7.693155152675195119e-01 9.178165211673574078e-05 4.183702345253106783e-04 4.427472487551792780e-04 1.839647262655377835e-04 2.790180036930282686e-04 7.271101014141594825e-05 2.063622676995134630e-02 4.384323473248066816e-02 1.335158215636821910e-01 1.904322963430012727e+00 -1.221829419023599036e-04 -2.664631924878398898e-04 -7.825896141686181822e-04 -7.749918783102133712e-05 -9.660511889749592677e-04 -7.577338092235635556e-05
-3.439538255749715057e-01 1.143715532096318377e+00 -2.225548260133310308e+00 -2.515519514051521810e+01 9.339350520927154446e-04 1.242594886717108020e-03 1.658863328839848585e-03 -5.580993620759019730e-04 2.383508770191557560e-03 9.309747003843153170e-04 2.619081623761486052e-02 3.018225877595627771e-01 1.616405467363238868e-01 1.268331660898937452e+00 9.443720234372184920e-04 1.695146131841109667e-03 1.826391976179666957e-03 4.733376063411995783e-04 1.663796406052963327e-03 4.074398557145857244e-04 -3.873772479763405441e-01 1.706135892031465540e+00 -2.701287487779977958e+00 -3.139231738935927041e+01 5.295036886747132463e-04 -6.735001079174921836e-03 -7.299715992583917859e-03 -5.411459427283371419e-03 -3.606282774274903458e-03 1.978954957965528626e-04
9.923518040593291845e-02 5.736997144958863037e-01 9.658150735903436868e-01 9.283104783822739847e+00 1.703634291328889492e-03 9.734274112982636493e-03 1.102955561363358483e-02 4.106189344256288079e-03 2.015058980063651889e-03 1.032203251366119959e-03 7.134630247883265441e-02 1.616405467363238868e-01 6.024406757707321258e-01 5.278957143901999771e+00 5.734766765898037782e-04 5.662110736137633202e-03 7.217191747129050004e-03 2.000158587650874287e-03 1.981380656818592170e-03 7.537471230294842022e-04 1.911419143277486854e-01 2.613663722152165803e-01 1.978293025280728923e+00 1.681738971656758608e+01 -1.116135008406894842e-03 1.554610172941813320e-02 1.827508465902840176e-02 4.173358814069536883e-03 -5.406606115114393277e-03 1.107547702606136641e-03
5.718022149342459670e+00 5.147329190235992336e+00 3.885709373536296596e+01 4.620775391010626549e+02 7.215468775896231868e-03 4.954939211943795024e-02 6.564729927985044067e-02 4.506256006611422671e-02 -4.104649216357406094e-03 -6.032088972257248355e-03 7.693155152675195119e-01 1.268331660898937452e+00 5.278957143901999771e+00 6.858131545469287005e+01 7.442986254728853259e-05 2.444794055728697832e-02 3.202822331137634287e-02 1.558847286434876522e-02 9.403352519365878667e-03 2.777041720059449624e-03 7.189396261124118226e+00 2.037946896955499909e+00 4.790416521077283818e+01 6.287151224013689443e+02 -3.292470640064851933e-02 -7.438324566744753188e-03 6.047476061790643329e-03 4.071740624184830293e-02 -1.009625855701675595e-01 -2.215963786524949644e-02
-3.322261569897315067e-03 -3.491439830661129714e-05 -2.122284076562780744e-02 -2.462579399207352748e-01 1.852420627004145348e-05 2.820389119257793957e-05 1.196351629982886053e-05 1.293214977301389542e-06 1.982020181048459685e-05 1.306214665825976839e-05 9.178165211673574078e-05 9.443720234372184920e-04 5.734766765898037782e-04 7.442986254728853259e-05 1.054439880255809635e-05 1.609447062799496142e-05 1.349922037702215836e-05 4.042943427220323389e-06 1.289672728517384197e-05 4.034099957124843976e-06 -3.840965725815171424e-03 -1.146874291118717441e-03 -2.577584815078364650e-02 -3.128426956494324007e-01 3.088013659160512842e-05 -4.721823711043054242e-06 -4.222915648892092746e-05 -2.426649491244820309e-05 -1.051503079625292279e-05 1.487860492253647256e-05
-2.272867254098361739e-03 1.915835344982886723e-03 -2.957726906863627093e-03 -1.748681510718789189e-01 3.885080263826336413e-05 3.889648644325343404e-04 4.688465334104938110e-04 1.162837709582957910e-04 3.566883039992795637e-05 6.030772908304811572e-05 4.183702345253106783e-04 1.695146131841109667e-03 5.662110736137633202e-03 2.444794055728697832e-02 1.609447062799496142e-05 2.361745754633398956e-04 3.221002424858854522e-04 5.801269329337053408e-05 2.578876547558998271e-05 3.175128159442443585e-05 -2.704105925508919553e-03 -2.770114749594667757e-03 6.154569063231854140e-03 -2.415634603675011760e-01 3.742204999189334441e-05 1.099741894454152671e-03 1.420505121805350820e-03 2.441979710807961582e-04 -3.660452237434695487e-05 1.491417762448207145e-04
3.757778569687125628e-04 1.252516815648830988e-03 1.972706285813366489e-02 2.126657275806152422e-02 2.485145250768629635e-05 5.344469111209994468e-04 7.938506467221097002e-04 1.826083973917431936e-04 2.442656769110668449e-05 7.096673082369540887e-05 4.427472487551792780e-04 1.826391976179666957e-03 7.217191747129050004e-03 3.202822331137634287e-02 1.349922037702215836e-05 3.221002424858854522e-04 5.315444297273577614e-04 8.834887069262292877e-05 2.015645540452172535e-05 4.182797992976612726e-05 -1.372896115955082256e-04 -3.015703958445926144e-03 3.236387767840628871e-02 -3.638714237044375632e-02 1.375556935206870184e-05 1.514442934012430507e-03 2.438614352678917727e-03 4.086493071933074909e-04 -8.066650449918929449e-05 1.881041701645948987e-04
1.435403828048999837e-03 -1.299121651954601286e-03 1.286300504143397631e-02 9.940296893352554286e-02 2.192083586921274316e-05 1.164455345388218301e-04 1.440426301318231185e-04 5.907277991479013206e-05 1.013224637002341921e-05 1.254957272383356293e-05 1.839647262655377835e-04 4.733376063411995783e-04 2.000158587650874287e-03 1.558847286434876522e-02 4.042943427220323389e-06 5.801269329337053408e-05 8.834887069262292877e-05 2.526942495424247794e-05 3.849562955323366621e-06 7.030761293748874294e-06 1.309494213565123291e-03 -3.701079842370745988e-03 1.417485920554854492e-02 9.375800305350387442e-02 1.569492937488739778e-05 2.471741591361920325e-04 3.518699523224645275e-04 1.151141901387137568e-04 -3.874418959646908593e-05 2.440416301026842254e-05
-5.096035521527655758e-03 2.002625031525851872e-03 -3.259324802738244875e-02 -3.763820214375787621e-01 1.750213738065212830e-05 2.544117601333092027e-05 8.756131314267704544e-06 -1.149296654836965884e-05 5.333085525130608806e-05 1.757418221041253794e-05 2.790180036930282686e-04 1.663796406052963327e-03 1.981380656818592170e-03 9.403352519365878667e-03 1.289672728517384197e-05 2.578876547558998271e-05 2.015645540452172535e-05 3.849562955323366621e-06 4.898648094037109365e-05 6.167852976400649495e-06 -6.052656202486040964e-03 -1.998493343541702955e-03 -3.989699950459376504e-02 -4.949524546027742056e-01 9.196213024680230093e-06 -6.623968179607277879e-05 -1.280405586182670143e-04 -7.563300453792106337e-05 7.550418438119259280e-05 9.941692478832637691e-06
-1.272589688080224928e-03 2.065625340178944987e-04 -6.853655747432898723e-03 -9.442812822374350989e-02 7.274139561040055541e-06 5.146666538359456126e-05 5.840893338097009614e-05 1.210136394490782911e-05 1.035105143877979982e-05 1.230644427331411667e-05 7.271101014141594825e-05 4.074398557145857244e-04 7.537471230294842022e-04 2.777041720059449624e-03 4.034099957124843976e-06 3.175128159442443585e-05 4.182797992976612726e-05 7.030761293748874294e-06 6.167852976400649495e-06 6.052228427455115186e-06 -1.441028447042574413e-03 -6.717489795832585911e-04 -7.170776241728217537e-03 -1.193693144940851519e-01 9.889292128295206809e-06 1.282898378668707916e-04 1.596628246011859485e-04 1.915267688683120850e-05 -3.944382993154383101e-06 2.800014972182189138e-05
3.168555932684800958e+00 -1.619141809283611844e-01 2.092037125833184774e+01 2.411082521887948360e+02 -3.905891282351530054e-03 5.358313504173420859e-03 1.376077311866330533e-02 1.345629844247282769e-02 -1.023208833843751962e-02 -6.434546159550836274e-03 2.063622676995134630e-02 -3.873772479763405441e-01 1.911419143277486854e-01 7.189396261124118226e+00 -3.840965725815171424e-03 -2.704105925508919553e-03 -1.372896115955082256e-04 1.309494213565123291e-03 -6.052656202486040964e-03 -1.441028447042574413e-03 3.646098009968173237e+00 -1.000417318200921141e-01 2.456784531225603629e+01 3.026161384375188277e+02 -9.457331169458958395e-03 3.306840512700414542e-02 5.882589985059748228e-02 3.665996569284813572e-02 -6.438972761664565024e-03 -7.693235140214972102e-03
-5.884862958626067009e-01 2.286682211013030397e+01 -4.026049504593764539e+00 -4.593296162853535236e+01 -1.172604945355192399e-02 -1.029497411577493665e-02 -1.781924824355973725e-03 -1.082536324926439662e-02 -2.660594007085805533e-03 -2.941195844592567506e-03 4.384323473248066816e-02 1.706135892031465540e+00 2.613663722152165803e-01 2.037946896955499909e+00 -1.146874291118717441e-03 -2.770114749594667757e-03 -3.015703958445926144e-03 -3.701079842370745988e-03 -1.998493343541702955e-03 -6.717489795832585911e-04 -1.000417318200921141e-01 3.362529879901520502e+01 -9.015673902600120915e-01 -1.496876214495884660e+01 -4.032323416201286960e-03 9.066777094217250144e-03 3.422279220560860147e-02 -1.108641142316698844e-02 1.034183831742027139e-02 -1.340118251966619179e-03
2.133603887107428676e+01 -1.017216021137331117e+00 1.425679162943613960e+02 1.621175420014412794e+03 -2.217550797754159683e-02 8.383499306731521938e-02 1.473624747026661963e-01 1.044984195066954308e-01 -6.045989221161353344e-02 -3.777687611541465096e-02 1.335158215636821910e-01 -2.701287487779977958e+00 1.978293025280728923e+00 4.790416521077283818e+01 -2.577584815078364650e-02 6.154569063231854140e-03 3.236387767840628871e-02 1.417485920554854492e-02 -3.989699950459376504e-02 -7.170776241728217537e-03 2.456784531225603629e+01 -9.015673902600120915e-01 1.719739753978261376e+02 2.037124695130005875e+03 -5.768679871494625244e-02 3.994070376869033878e-01 6.180543372800697544e-01 2.910129385903439392e-01 -2.249043676814990386e-02 -3.254652404671829619e-02
2.634451440851499342e+02 -1.539514297724133662e+01 1.736358790758420810e+03 2.030938174833362791e+04 -3.780786138833843180e-01 3.017170194259295446e-01 1.060654386188975229e+00 1.058596753203626228e+00 -8.905068975559956579e-01 -5.467701161652552821e-01 1.904322963430012727e+00 -3.139231738935927041e+01 1.681738971656758608e+01 6.287151224013689443e+02 -3.128426956494324007e-01 -2.415634603675011760e-01 -3.638714237044375632e-02 9.375800305350387442e-02 -4.949524546027742056e-01 -1.193693144940851519e-01 3.026161384375188277e+02 -1.496876214495884660e+01 2.037124695130005875e+03 2.552807865489704272e+04 -8.645839402510063776e-01 2.324105211133129067e+00 4.505222205986910033e+00 2.883812474220863287e+00 -7.019522356332195123e-01 -6.681487256650450179e-01
-1.033872400948778088e-02 -1.124914293520686004e-02 -6.177733738065214336e-02 -8.303375366600613816e-01 2.015492757010748758e-04 3.045683618026782187e-04 1.155259163222842474e-04 1.000172916153245544e-04 1.401466237314598557e-04 6.940595278928722274e-05 -1.221829419023599036e-04 5.295036886747132463e-04 -1.116135008406894842e-03 -3.292470640064851933e-02 3.088013659160512842e-05 3.742204999189334441e-05 1.375556935206870184e-05 1.569492937488739778e-05 9.196213024680230093e-06 9.889292128295206809e-06 -9.457331169458958395e-03 -4.032323416201286960e-03 -5.768679871494625244e-02 -8.645839402510063776e-01 3.798853899357473732e-04 6.857444235002702927e-04 5.249998268585242015e-04 2.619330529138894710e-04 2.802369534318139730e-04 1.445098923287095616e-04
2.215798900828679432e-02 -5.934280958385881183e-03 2.210312073950637946e-01 1.468027738515582437e+00 3.543189328589440136e-04 2.635367553260673824e-03 2.829508313993515760e-03 9.135183880264820299e-04 3.083461651954604249e-04 3.013466193748872866e-04 -2.664631924878398898e-04 -6.735001079174921836e-03 1.554610172941813320e-02 -7.438324566744753188e-03 -4.721823711043054242e-06 1.099741894454152671e-03 1.514442934012430507e-03 2.471741591361920325e-04 -6.623968179607277879e-05 1.282898378668707916e-04 3.306840512700414542e-02 9.066777094217250144e-03 3.994070376869033878e-01 2.324105211133129067e+00 6.857444235002702927e-04 9.457271005062146615e-03 1.168958989264366928e-02 2.703459471842910734e-03 1.049626256350207889e-03 1.091678184687443730e-03
4.499668946237914829e-02 -4.032347175583999091e-03 3.902232981877140072e-01 3.239595719690144371e+00 1.845057547772173260e-04 3.056097344620489070e-03 4.432342477791026934e-03 1.205557253124362295e-03 2.302044955533536082e-04 2.850638147598029241e-04 -7.825896141686181822e-04 -7.299715992583917859e-03 1.827508465902840176e-02 6.047476061790643329e-03 -4.222915648892092746e-05 1.420505121805350820e-03 2.438614352678917727e-03 3.518699523224645275e-04 -1.280405586182670143e-04 1.596628246011859485e-04 5.882589985059748228e-02 3.422279220560860147e-02 6.180543372800697544e-01 4.505222205986910033e+00 5.249998268585242015e-04 1.168958989264366928e-02 1.799068560282099036e-02 3.666421768538371401e-03 1.036508132273464755e-03 1.263462205099681514e-03
3.040270125671049734e-02 -1.742247862367140784e-02 2.228611221941992071e-01 2.213019519041612870e+00 1.563162591695188661e-04 8.407119035326969655e-04 9.704592746606106749e-04 4.961336595117094060e-04 5.402056906863632416e-05 4.023710823185009880e-05 -7.749918783102133712e-05 -5.411459427283371419e-03 4.173358814069536883e-03 4.071740624184830293e-02 -2.426649491244820309e-05 2.441979710807961582e-04 4.086493071933074909e-04 1.151141901387137568e-04 -7.563300453792106337e-05 1.915267688683120850e-05 3.665996569284813572e-02 -1.108641142316698844e-02 2.910129385903439392e-01 2.883812474220863287e+00 2.619330529138894710e-04 2.703459471842910734e-03 3.666421768538371401e-03 1.369621854143216778e-03 2.994294791479012964e-04 2.220281279346061963e-04
-9.435351900558457475e-03 -5.304231940190965409e-03 -5.865631345703475191e-02 -7.974829400108081057e-01 9.230312727436491642e-05 1.563657072599531836e-04 6.737790438659826316e-06 -2.355930165735883395e-06 5.447939164114573660e-04 4.075525887227527213e-05 -9.660511889749592677e-04 -3.606282774274903458e-03 -5.406606115114393277e-03 -1.009625855701675595e-01 -1.051503079625292279e-05 -3.660452237434695487e-05 -8.066650449918929449e-05 -3.874418959646908593e-05 7.550418438119259280e-05 -3.944382993154383101e-06 -6.438972761664565024e-03 1.034183831742027139e-02 -2.249043676814990386e-02 -7.019522356332195123e-01 2.802369534318139730e-04 1.049626256350207889e-03 1.036508132273464755e-03 2.994294791479012964e-04 1.607823999279408981e-03 1.642851624031706540e-04
-7.927284404311537094e-03 -2.701850975800154653e-03 -4.309232879661321902e-02 -6.106181972617545917e-01 6.595873280189758041e-05 3.295148664895214538e-04 3.128913053417403190e-04 7.394603810364495423e-05 7.376613180808266217e-05 7.728054393202425090e-05 -7.577338092235635556e-05 1.978954957965528626e-04 1.107547702606136641e-03 -2.215963786524949644e-02 1.487860492253647256e-05 1.491417762448207145e-04 1.881041701645948987e-04 2.440416301026842254e-05 9.941692478832637691e-06 2.800014972182189138e-05 -7.693235140214972102e-03 -1.340118251966619179e-03 -3.254652404671829619e-02 -6.681487256650450179e-01 1.445098923287095616e-04 1.091678184687443730e-03 1.263462205099681514e-03 2.220281279346061963e-04 1.642851624031706540e-04 2.142831164715066012e-04
