8.806622983770285629e+00 1.951135380774033923e+00 6.016358353308365281e+01 9.453120553058680571e+02 -3.862682546816481512e-03 3.583271789013733194e-02 1.008296789013732736e-01 6.445297260923846250e-02 -1.834987141073654224e-03 -7.351578988764048174e-03 4.945003375780274713e-01 2.166318215980026218e-01 3.539467245942572671e+00 8.764540354556802981e+01 1.132312132334581563e-03 1.182065845443196206e-02 1.981945328339575554e-02 4.687016390761547698e-03 1.192116679151061787e-03 1.026868041198502300e-03 1.004259143570536850e+01 -1.462114182272159502e+00 6.834879450686639757e+01 1.285632599250936437e+03 -2.228844823970038691e-02 -5.906188779026216862e-02 2.565831835205994310e-02 3.852960655430712894e-02 -7.474533882646690330e-02 -2.040870716604244184e-02
1.951135380774033923e+00 1.198780968789013635e+01 1.307351990012484499e+01 2.093746444444444990e+02 -1.149523580524344606e-02 -1.546660184769038139e-02 -9.832854431960054778e-03 -4.995796454431961076e-03 -2.216480998751560114e-02 -5.251531685393258896e-03 6.959226416978771257e-02 4.405957995006241079e-01 9.312968114856430280e-01 1.492375650436953372e+01 9.937969038701593256e-05 6.279626102372030949e-03 4.064490287141077005e-03 7.236331285892640217e-04 4.435625967540546928e-04 1.164292434456927694e-04 2.306587465667915282e+00 1.292212679151061572e+01 1.596496379525591536e+01 3.266868352059924518e+02 -1.566807835205992136e-02 -2.311056239700373660e-02 -3.943951310861419646e-02 -2.596389625468164056e-02 -5.256218302122351443e-02 -1.043997847690387136e-02
6.016358353308365281e+01 1.307351990012484499e+01 4.160320769163545833e+02 6.458429544694133256e+03 -4.941922621722868135e-03 3.664312758177278306e-01 8.190099795255932902e-01 4.917659608739075594e-01 3.976845230961299771e-02 -3.524712505617978719e-02 3.561244956803993222e+00 1.860055524469413690e+00 2.648102277652933978e+01 6.220185303870161988e+02 9.474540833957547162e-03 1.111243786916354531e-01 1.677097932334582209e-01 3.947449329463170731e-02 2.473574264669163233e-02 1.045021463295880103e-02 6.850596833957557408e+01 -1.086281480649188680e+01 4.758397032459425304e+02 8.764416400749067179e+03 -1.318515081647940457e-01 -1.491824465917604703e-01 4.206406591760300517e-01 3.329647889513108194e-01 -4.196087870162294453e-01 -1.115326009238452043e-01
9.453120553058680571e+02 2.093746444444444990e+02 6.458429544694133256e+03 1.025094870774032752e+05 -3.318377535580526172e-01 3.900022078526840907e+00 1.102517022347066344e+01 7.000184338077405144e+00 -1.212276541822715631e-01 -7.435905494382022418e-01 5.470521523345815496e+01 2.278098343695380734e+01 3.866959936579276018e+02 9.713648618227216502e+03 1.310204434956304675e-01 1.238992629413233182e+00 2.117823645942571442e+00 4.859161094506870282e-01 1.425054828963795150e-01 1.135801138951310907e-01 1.090440852933832502e+03 -1.494505403245943285e+02 7.420717499375781699e+03 1.409843627340824169e+05 -2.212714743071160672e+00 -5.967641794756550766e+00 3.395668014981275906e+00 4.320914267790262997e+00 -7.645510901373282486e+00 -2.058755122596754195e+00
-3.862682546816481512e-03 -1.149523580524344606e-02 -4.941922621722868135e-03 -3.318377535580526172e-01 2.004566782022471625e-04 6.072329864419475243e-04 7.404326453183517759e-04 3.086093522846441095e-04 2.900191490636703996e-04 9.365382314606740023e-05 8.830312973782771099e-04 1.637208253183520612e-03 6.758582823970038858e-03 1.082475653183520431e-01 1.747209272659176014e-05 1.184213783220973469e-04 1.308866695880149783e-04 2.171177218726591776e-05 6.717054704119853595e-05 1.700544968539325578e-05 -2.654577003745323040e-03 -9.590887116104875043e-03 6.446398501872691728e-03 -3.258142247191009311e-01 2.570615406741572984e-04 1.301056648988763642e-03 1.370347370786517433e-03 4.048283528089887643e-04 5.624613018726594589e-04 1.881330826217228816e-04
3.583271789013733194e-02 -1.546660184769038139e-02 3.664312758177278306e-01 3.900022078526840907e+00 6.072329864419475243e-04 3.519060567403245118e-03 3.922349754931335648e-03 1.656943132684144619e-03 1.457573268289638103e-03 3.972798124719102274e-04 6.833527815480652454e-03 7.455948534706621431e-03 6.722575262421971731e-02 9.624875371036203386e-01 4.775180513607990139e-05 8.734864522671659161e-04 8.910672342571783781e-04 1.969306379113608331e-04 4.163569168289637645e-04 9.625961262546813761e-05 4.805716169787765252e-02 -4.137785403245942267e-02 5.401472094881398789e-01 5.937187621722848085e+00 6.171820785018726193e-04 7.923089757602991973e-03 7.531464981273407015e-03 2.300333943632959424e-03 2.610634797503120531e-03 8.322818529088639060e-04
1.008296789013732736e-01 -9.832854431960054778e-03 8.190099795255932902e-01 1.102517022347066344e+01 7.404326453183517759e-04 3.922349754931335648e-03 5.739905695380772936e-03 2.442969296504368497e-03 1.573772233458177027e-03 3.596895752808988234e-04 1.101874667166042633e-02 1.036172183021224005e-02 9.191580646691632772e-02 1.718141893508114748e+00 9.120895574282149841e-05 1.003215662896380159e-03 1.333057277403246546e-03 2.436085437203495626e-04 4.533997255930085832e-04 1.084704120973783265e-04 1.112887225967540972e-01 -7.040853695380773491e-02 9.733838409488140275e-01 1.440403658801498032e+01 6.162940277153557047e-04 7.052815164794006171e-03 9.507806183520595145e-03 2.711982883520599932e-03 1.888901548064918657e-03 6.470926347066168448e-04
6.445297260923846250e-02 -4.995796454431961076e-03 4.917659608739075594e-01 7.000184338077405144e+00 3.086093522846441095e-04 1.656943132684144619e-03 2.442969296504368497e-03 1.217972814931336063e-03 6.414704941323346550e-04 1.315533170786517385e-04 5.804436723345817763e-03 4.634878317852685406e-03 4.714869541073658105e-02 9.274839784519348651e-01 3.604742722596754350e-05 3.948174115255927890e-04 4.808148124594257265e-04 1.064653994057428453e-04 1.713477215480650013e-04 4.663936641198502777e-05 7.441070978776530287e-02 -3.906048908863920394e-02 5.885797004993756909e-01 9.535765531835204811e+00 2.024303045692884618e-04 2.415867669513108076e-03 3.206828093632959134e-03 1.244849777902622004e-03 5.923287660424471791e-04 2.052794272908864002e-04
-1.834987141073654224e-03 -2.216480998751560114e-02 3.976845230961299771e-02 -1.212276541822715631e-01 2.900191490636703996e-04 1.457573268289638103e-03 1.573772233458177027e-03 6.414704941323346550e-04 1.033592320848938841e-03 1.919437876404494461e-04 3.261738803995006993e-03 3.376857244694133481e-03 2.870944821473159908e-02 3.902545420724095049e-01 1.961117620474407612e-05 3.324780168039949196e-04 3.668349368289637613e-04 7.682218598002499071e-05 2.455998961298376982e-04 3.900309217228464218e-05 3.486191260923853733e-03 -2.896453907615481257e-02 1.090547852684145974e-01 2.129950187265926831e-01 2.811103430711611034e-04 3.100684572284644405e-03 2.841576591760299787e-03 8.666126760299629151e-04 1.924209747815230822e-03 3.660393593008737451e-04
-7.351578988764048174e-03 -5.251531685393258896e-03 -3.524712505617978719e-02 -7.435905494382022418e-01 9.365382314606740023e-05 3.972798124719102274e-04 3.596895752808988234e-04 1.315533170786517385e-04 1.919437876404494461e-04 6.963366528089892204e-05 2.463548629213485326e-04 8.646566033707865986e-04 3.970628853932585585e-03 9.064652584269678945e-03 3.777127932584270102e-06 8.746228925842694112e-05 7.407789505617978277e-05 1.793647239325843085e-05 5.253471033707864959e-05 1.237307356179774778e-05 -7.021711460674159334e-03 -3.311264269662923462e-03 -2.326843932584268110e-02 -9.015482921348311196e-01 1.222054373033708014e-04 1.043501675955056099e-03 8.880084719101124678e-04 2.442409320224719015e-04 4.707950808988764458e-04 1.522977080898876639e-04
4.945003375780274713e-01 6.959226416978771257e-02 3.561244956803993222e+00 5.470521523345815496e+01 8.830312973782771099e-04 6.833527815480652454e-03 1.101874667166042633e-02 5.804436723345817763e-03 3.261738803995006993e-03 2.463548629213485326e-04 7.346358471410736890e-02 4.605819184019975532e-02 5.296509949563044106e-01 1.084993373982521803e+01 3.036384393508114376e-04 2.355784990736579237e-03 2.990647287390760852e-03 7.575144198002495060e-04 1.076928203995006000e-03 2.746653797003746037e-04 7.271567373283396307e-01 -1.941039368289638190e-01 5.250732897627964135e+00 9.445374996254676603e+01 -1.358607760299623401e-04 3.872574608239700081e-03 6.983388389513110230e-03 4.307382794007491925e-03 4.589889388264682983e-05 -1.660670744069911962e-04
2.166318215980026218e-01 4.405957995006241079e-01 1.860055524469413690e+00 2.278098343695380734e+01 1.637208253183520612e-03 7.455948534706621431e-03 1.036172183021224005e-02 4.634878317852685406e-03 3.376857244694133481e-03 8.646566033707865986e-04 4.605819184019975532e-02 2.577997233470660232e-01 4.901559788264668871e-01 6.387438076654182950e+00 6.563109801248441424e-04 4.806279827615481462e-03 4.687321068414483649e-03 1.335877756416977953e-03 2.864757586267166652e-03 6.031551669288389914e-04 1.413604169787761877e-02 6.469175248439448245e-01 8.594910162297135781e-01 -3.554328838951347769e-01 -2.851669318352063822e-04 -3.175950046441951280e-03 -7.150004906367041051e-03 -1.240269204119849719e-03 -7.771630137328352757e-04 -7.934048394506867464e-04
3.539467245942572671e+00 9.312968114856430280e-01 2.648102277652933978e+01 3.866959936579276018e+02 6.758582823970038858e-03 6.722575262421971731e-02 9.191580646691632772e-02 4.714869541073658105e-02 2.870944821473159908e-02 3.970628853932585585e-03 5.296509949563044106e-01 4.901559788264668871e-01 4.415003063171036857e+00 7.707165081897625214e+01 1.955566991510611623e-03 2.346566065518102678e-02 2.671409891635456377e-02 7.836794346566790248e-03 1.123370873158551463e-02 2.741162452434456765e-03 4.896142454431959834e+00 -1.095289455680399815e+00 3.881724401997504259e+01 6.283840138576778145e+02 -3.371820194756555700e-03 6.114428241198502367e-02 7.119763520599249607e-02 3.879653239700373013e-02 8.958937877652931384e-03 1.708427208489389591e-03
8.764540354556802981e+01 1.492375650436953372e+01 6.220185303870161988e+02 9.713648618227216502e+03 1.082475653183520431e-01 9.624875371036203386e-01 1.718141893508114748e+00 9.274839784519348651e-01 3.902545420724095049e-01 9.064652584269678945e-03 1.084993373982521803e+01 6.387438076654182950e+00 7.707165081897625214e+01 1.692565777478152540e+03 4.236002141323345904e-02 3.219658663645442176e-01 4.302539786766542695e-01 9.764661518851439070e-02 1.237413213982521548e-01 3.664248295131086741e-02 1.226780013233457964e+02 -2.604659755305868529e+01 8.718332630461922008e+02 1.618338655430711151e+04 -6.639895475655427370e-02 3.318141229962547345e-01 1.037317161048689096e+00 6.526461003745318568e-01 -2.625627410736578460e-01 -8.035344514357051215e-02
1.132312132334581563e-03 9.937969038701593256e-05 9.474540833957547162e-03 1.310204434956304675e-01 1.747209272659176014e-05 4.775180513607990139e-05 9.120895574282149841e-05 3.604742722596754350e-05 1.961117620474407612e-05 3.777127932584270102e-06 3.036384393508114376e-04 6.563109801248441424e-04 1.955566991510611623e-03 4.236002141323345904e-02 7.507560567290886063e-06 2.159971563620474271e-05 3.237905176529338254e-05 5.602295502122347677e-06 1.340894206991261160e-05 1.921531241947565465e-06 3.565518751560546487e-04 -1.336501945068664524e-03 4.894219163545573785e-03 4.490652097378272645e-02 2.284068410486889874e-05 1.890436909363295661e-05 6.504192097378279434e-05 1.969402209737827712e-05 -1.529865817727833541e-06 -2.923253560549313278e-06
1.182065845443196206e-02 6.279626102372030949e-03 1.111243786916354531e-01 1.238992629413233182e+00 1.184213783220973469e-04 8.734864522671659161e-04 1.003215662896380159e-03 3.948174115255927890e-04 3.324780168039949196e-04 8.746228925842694112e-05 2.355784990736579237e-03 4.806279827615481462e-03 2.346566065518102678e-02 3.219658663645442176e-01 2.159971563620474271e-05 3.440924643051187105e-04 3.355132087840199235e-04 7.314022973508111844e-05 1.465759352084893973e-04 3.386319255205993322e-05 1.074408105867665116e-02 -6.208567593008739241e-03 1.361435439200998354e-01 1.230125937827715177e+00 7.505758967790264068e-05 2.076660189632959213e-03 1.851022496254681789e-03 4.850056352434460030e-04 5.215170689388266400e-04 1.807212150087390639e-04
1.981945328339575554e-02 4.064490287141077005e-03 1.677097932334582209e-01 2.117823645942571442e+00 1.308866695880149783e-04 8.910672342571783781e-04 1.333057277403246546e-03 4.808148124594257265e-04 3.668349368289637613e-04 7.407789505617978277e-05 2.990647287390760852e-03 4.687321068414483649e-03 2.671409891635456377e-02 4.302539786766542695e-01 3.237905176529338254e-05 3.355132087840199235e-04 4.810996836953806066e-04 8.825120482147311542e-05 1.671356763795255539e-04 3.139215178277152558e-05 1.476838978776529726e-02 -1.870576976279650708e-02 1.643529578027466409e-01 1.816750318352060134e+00 5.828768074906366605e-05 1.532722132883895545e-03 2.312556498127340491e-03 4.836235352059925626e-04 3.463656851435706297e-04 1.016276203245942305e-04
4.687016390761547698e-03 7.236331285892640217e-04 3.947449329463170731e-02 4.859161094506870282e-01 2.171177218726591776e-05 1.969306379113608331e-04 2.436085437203495626e-04 1.064653994057428453e-04 7.682218598002499071e-05 1.793647239325843085e-05 7.575144198002495060e-04 1.335877756416977953e-03 7.836794346566790248e-03 9.764661518851439070e-02 5.602295502122347677e-06 7.314022973508111844e-05 8.825120482147311542e-05 2.951920091897626683e-05 3.809452660923845285e-05 8.335438375655427988e-06 3.874739245942573906e-03 -5.206635922596753591e-03 4.312937972534334335e-02 4.512445176029961647e-01 2.448368419475651810e-06 2.806237058576778356e-04 3.273607265917602926e-04 1.297423696816479431e-04 5.354861890137329580e-05 2.145116659675405676e-05
1.192116679151061787e-03 4.435625967540546928e-04 2.473574264669163233e-02 1.425054828963795150e-01 6.717054704119853595e-05 4.163569168289637645e-04 4.533997255930085832e-04 1.713477215480650013e-04 2.455998961298376982e-04 5.253471033707864959e-05 1.076928203995006000e-03 2.864757586267166652e-03 1.123370873158551463e-02 1.237413213982521548e-01 1.340894206991261160e-05 1.465759352084893973e-04 1.671356763795255539e-04 3.809452660923845285e-05 1.426984291635455704e-04 1.432591435205992832e-05 -1.332131660424469306e-03 -5.375518177278401297e-03 2.018829875156057455e-02 -2.740889026217228075e-01 3.540608059925092605e-05 6.614694095880151213e-04 5.631988164794009049e-04 1.643379479400749283e-04 6.022483590511859162e-04 6.063683053682894714e-05
1.026868041198502300e-03 1.164292434456927694e-04 1.045021463295880103e-02 1.135801138951310907e-01 1.700544968539325578e-05 9.625961262546813761e-05 1.084704120973783265e-04 4.663936641198502777e-05 3.900309217228464218e-05 1.237307356179774778e-05 2.746653797003746037e-04 6.031551669288389914e-04 2.741162452434456765e-03 3.664248295131086741e-02 1.921531241947565465e-06 3.386319255205993322e-05 3.139215178277152558e-05 8.335438375655427988e-06 1.432591435205992832e-05 4.463553920224719166e-06 1.034655273408239618e-03 -1.264663940074906880e-03 1.349982318352059910e-02 1.231151977528090191e-01 1.205583195505618097e-05 1.967449030561798284e-04 1.792585044943819901e-04 5.410956331460673900e-05 5.361706936329588752e-05 2.622828034456927893e-05
1.004259143570536850e+01 2.306587465667915282e+00 6.850596833957557408e+01 1.090440852933832502e+03 -2.654577003745323040e-03 4.805716169787765252e-02 1.112887225967540972e-01 7.441070978776530287e-02 3.486191260923853733e-03 -7.021711460674159334e-03 7.271567373283396307e-01 1.413604169787761877e-02 4.896142454431959834e+00 1.226780013233457964e+02 3.565518751560546487e-04 1.074408105867665116e-02 1.476838978776529726e-02 3.874739245942573906e-03 -1.332131660424469306e-03 1.034655273408239618e-03 1.378576774032459618e+01 -3.923783270911369581e-01 9.263135792759049991e+01 1.784520086142322498e+03 -1.514742142322097855e-02 3.269346217228467650e-03 6.852791760299623003e-02 6.161708838951313050e-02 -5.208767615480650037e-02 -1.325026549313358323e-02
-1.462114182272159502e+00 1.292212679151061572e+01 -1.086281480649188680e+01 -1.494505403245943285e+02 -9.590887116104875043e-03 -4.137785403245942267e-02 -7.040853695380773491e-02 -3.906048908863920394e-02 -2.896453907615481257e-02 -3.311264269662923462e-03 -1.941039368289638190e-01 6.469175248439448245e-01 -1.095289455680399815e+00 -2.604659755305868529e+01 -1.336501945068664524e-03 -6.208567593008739241e-03 -1.870576976279650708e-02 -5.206635922596753591e-03 -5.375518177278401297e-03 -1.264663940074906880e-03 -3.923783270911369581e-01 2.153928459425718955e+01 -3.964872409488147564e+00 -6.938925093633055319e+00 6.834585318352055447e-03 5.537622711610489662e-02 -4.441549812734079533e-02 -3.627099026217229377e-02 2.164155305867651591e-03 1.249590686641695184e-03
6.834879450686639757e+01 1.596496379525591536e+01 4.758397032459425304e+02 7.420717499375781699e+03 6.446398501872691728e-03 5.401472094881398789e-01 9.733838409488140275e-01 5.885797004993756909e-01 1.090547852684145974e-01 -2.326843932584268110e-02 5.250732897627964135e+00 8.594910162297135781e-01 3.881724401997504259e+01 8.718332630461922008e+02 4.894219163545573785e-03 1.361435439200998354e-01 1.643529578027466409e-01 4.312937972534334335e-02 2.018829875156057455e-02 1.349982318352059910e-02 9.263135792759049991e+01 -3.964872409488147564e+00 6.538526654182271614e+02 1.197899715355804801e+04 -8.642258501872651655e-02 5.056391363295882346e-01 9.182152996254687727e-01 5.468985400749063475e-01 -2.192813158551807640e-01 -4.457919275905120049e-02
1.285632599250936437e+03 3.266868352059924518e+02 8.764416400749067179e+03 1.409843627340824169e+05 -3.258142247191009311e-01 5.937187621722848085e+00 1.440403658801498032e+01 9.535765531835204811e+00 2.129950187265926831e-01 -9.015482921348311196e-01 9.445374996254676603e+01 -3.554328838951347769e-01 6.283840138576778145e+02 1.618338655430711151e+04 4.490652097378272645e-02 1.230125937827715177e+00 1.816750318352060134e+00 4.512445176029961647e-01 -2.740889026217228075e-01 1.231151977528090191e-01 1.784520086142322498e+03 -6.938925093633055319e+00 1.197899715355804801e+04 2.345569995505617699e+05 -1.857321865168538810e+00 1.570457977528088578e-01 9.392709887640455335e+00 7.881139314606742552e+00 -7.287822958801496220e+00 -1.674341749063670060e+00
-2.228844823970038691e-02 -1.566807835205992136e-02 -1.318515081647940457e-01 -2.212714743071160672e+00 2.570615406741572984e-04 6.171820785018726193e-04 6.162940277153557047e-04 2.024303045692884618e-04 2.811103430711611034e-04 1.222054373033708014e-04 -1.358607760299623401e-04 -2.851669318352063822e-04 -3.371820194756555700e-03 -6.639895475655427370e-02 2.284068410486889874e-05 7.505758967790264068e-05 5.828768074906366605e-05 2.448368419475651810e-06 3.540608059925092605e-05 1.205583195505618097e-05 -1.514742142322097855e-02 6.834585318352055447e-03 -8.642258501872651655e-02 -1.857321865168538810e+00 5.360423352808986680e-04 2.258662992359550259e-03 2.130553056179775983e-03 5.808276044943818653e-04 9.121141318352061654e-04 3.218846641198501880e-04
-5.906188779026216862e-02 -2.311056239700373660e-02 -1.491824465917604703e-01 -5.967641794756550766e+00 1.301056648988763642e-03 7.923089757602991973e-03 7.052815164794006171e-03 2.415867669513108076e-03 3.100684572284644405e-03 1.043501675955056099e-03 3.872574608239700081e-03 -3.175950046441951280e-03 6.114428241198502367e-02 3.318141229962547345e-01 1.890436909363295661e-05 2.076660189632959213e-03 1.532722132883895545e-03 2.806237058576778356e-04 6.614694095880151213e-04 1.967449030561798284e-04 3.269346217228467650e-03 5.537622711610489662e-02 5.056391363295882346e-01 1.570457977528088578e-01 2.258662992359550259e-03 2.957259971415730770e-02 2.428946705617976778e-02 6.210033705617978329e-03 8.870276522846434406e-03 3.191919900973784387e-03
2.565831835205994310e-02 -3.943951310861419646e-02 4.206406591760300517e-01 3.395668014981275906e+00 1.370347370786517433e-03 7.531464981273407015e-03 9.507806183520595145e-03 3.206828093632959134e-03 2.841576591760299787e-03 8.880084719101124678e-04 6.983388389513110230e-03 -7.150004906367041051e-03 7.119763520599249607e-02 1.037317161048689096e+00 6.504192097378279434e-05 1.851022496254681789e-03 2.312556498127340491e-03 3.273607265917602926e-04 5.631988164794009049e-04 1.792585044943819901e-04 6.852791760299623003e-02 -4.441549812734079533e-02 9.182152996254687727e-01 9.392709887640455335e+00 2.130553056179775983e-03 2.428946705617976778e-02 2.833400404494382588e-02 6.341641258426963280e-03 6.349787602996252722e-03 2.606713767790262443e-03
3.852960655430712894e-02 -2.596389625468164056e-02 3.329647889513108194e-01 4.320914267790262997e+00 4.048283528089887643e-04 2.300333943632959424e-03 2.711982883520599932e-03 1.244849777902622004e-03 8.666126760299629151e-04 2.442409320224719015e-04 4.307382794007491925e-03 -1.240269204119849719e-03 3.879653239700373013e-02 6.526461003745318568e-01 1.969402209737827712e-05 4.850056352434460030e-04 4.836235352059925626e-04 1.297423696816479431e-04 1.643379479400749283e-04 5.410956331460673900e-05 6.161708838951313050e-02 -3.627099026217229377e-02 5.468985400749063475e-01 7.881139314606742552e+00 5.808276044943818653e-04 6.210033705617978329e-03 6.341641258426963280e-03 2.321891683707865035e-03 1.784903872659177135e-03 6.631611868913855077e-04
-7.474533882646690330e-02 -5.256218302122351443e-02 -4.196087870162294453e-01 -7.645510901373282486e+00 5.624613018726594589e-04 2.610634797503120531e-03 1.888901548064918657e-03 5.923287660424471791e-04 1.924209747815230822e-03 4.707950808988764458e-04 4.589889388264682983e-05 -7.771630137328352757e-04 8.958937877652931384e-03 -2.625627410736578460e-01 -1.529865817727833541e-06 5.215170689388266400e-04 3.463656851435706297e-04 5.354861890137329580e-05 6.022483590511859162e-04 5.361706936329588752e-05 -5.208767615480650037e-02 2.164155305867651591e-03 -2.192813158551807640e-01 -7.287822958801496220e+00 9.121141318352061654e-04 8.870276522846434406e-03 6.349787602996252722e-03 1.784903872659177135e-03 6.503694152309615409e-03 1.138899563795256215e-03
-2.040870716604244184e-02 -1.043997847690387136e-02 -1.115326009238452043e-01 -2.058755122596754195e+00 1.881330826217228816e-04 8.322818529088639060e-04 6.470926347066168448e-04 2.052794272908864002e-04 3.660393593008737451e-04 1.522977080898876639e-04 -1.660670744069911962e-04 -7.934048394506867464e-04 1.708427208489389591e-03 -8.035344514357051215e-02 -2.923253560549313278e-06 1.807212150087390639e-04 1.016276203245942305e-04 2.145116659675405676e-05 6.063683053682894714e-05 2.622828034456927893e-05 -1.325026549313358323e-02 1.249590686641695184e-03 -4.457919275905120049e-02 -1.674341749063670060e+00 3.218846641198501880e-04 3.191919900973784387e-03 2.606713767790262443e-03 6.631611868913855077e-04 1.138899563795256215e-03 4.662114239201000450e-04
